1
12
13
16
18
30
33
39
42
46
47
51
54
60
65
67
75
75
80
83
84
85
89
89
92
95
97
99
104
110
113
114
115
116
119
124
125
130
135
152
152
155
158
160
160
168
174
176
187
187
193
196
200
202
203
211
213
219
219
220
224
226
227
227
237
237
241
245
247
247
266
267
271
282
286
286
295
297
297
300
304
304
307
312
317
320
321
330
337
342
343
347
358
362
368
370
372
373
379
381
389
391
395
409
410
413
417
425
426
435
439
442
444
451
452
458
460
461
462
462
462
464
470
472
474
475
476
478
483
487
488
488
488
488
489
491
492
492
497
506
508
508
526
527
529
531
537
537
541
542
544
550
553
558
566
568
580
585
586
588
589
593
595
599
600
603
605
611
622
623
626
627
634
635
636
638
643
646
647
649
654
663
666
668
670
674
677
687
688
689
693
701
704
710
711
712
719
724
732
732
738
738
739
740
749
751
756
759
763
771
772
773
779
781
787
787
791
796
796
801
802
806
809
812
813
815
826
828
831
833
838
839
841
841
841
842
844
845
848
849
851
858
858
868
871
873
876
878
882
886
886
888
889
898
900
906
916
917
921
922
923
930
931
933
934
935
937
938
940
940
944
945
945
946
949
949
954
954
957
958
959
962
963
969
970
970
971
972
973
973
975
978
979
979
982
984
985
989
991
993
994
996
998
999
1006
1007
1012
1012
1015
1017
1017
1018
1026
1032
1034
1037
1040
1040
1041
1041
1041
1046
1048
1053
1055
1057
1064
1069
1074
1076
1078
1079
1083
1086
1087
1089
1091
1093
1094
1096
1101
1106
1110
1111
1122
1122
1122
1127
1128
1129
1130
1134
1136
1138
1139
1139
1142
1144
1153
1165
1169
1172
1176
1181
1184
1185
1187
1189
1198
1201
1202
1210
1215
1220
1222
1225
1230
1231
1242
1245
1247
1248
1273
1274
1280
1280
1284
1288
1290
1294
1298
1300
1301
1302
1312
1313
1314
1324
1332
1336
1336
1339
1341
1344
1346
1349
1354
1355
1363
1365
1370
1376
1377
1377
1385
1393
1394
1395
1395
1401
1403
1413
1414
1417
1417
1418
1438
1442
1444
1446
1447
1451
1452
1454
1455
1466
1471
1479
1480
1481
1482
1485
1489
1491
1496
1496
1514
1514
1519
1520
1521
1523
1531
1533
1534
1535
1537
1551
1555
1558
1559
1560
1560
1567
1568
1569
1573
1573
1574
1577
1582
1584
1589
1593
1596
1596
1597
1602
1605
1611
1614
1619
1622
1622
1624
1626
1628
1630
1630
1634
1640
1643
1646
1647
1649
1652
1652
1656
1658
1660
1674
1675
1679
1688
1688
1688
1690
1690
1700
1701
1702
1704
1707
1711
1712
1715
1716
1716
1725
1726
1730
1732
1734
1739
1741
1744
1745
1752
1755
1760
1762
1764
1764
1770
1771
1773
1777
1779
1780
1780
1784
1787
1788
1792
1794
1796
1802
1803
1805
1806
1808
1809
1815
1819
1819
1820
1820
1824
1830
1837
1841
1848
1849
1851
1858
1859
1861
1861
1861
1869
1872
1875
1876
1885
1886
1900
1901
1901
1903
1904
1912
1921
1924
1925
1925
1929
1929
1931
1939
1947
1949
1958
1964
1968
1973
1979
1980
1987
1988
1993
1995
2001
2007
2007
2008
2012
2014
2016
2019
2020
2024
2025
2025
2028
2028
2030
2035
2037
2047
2057
2058
2067
2069
2073
2074
2082
2083
2083
2083
2085
2086
2092
2095
2105
2119
2119
2121
2124
2131
2147
2152
2153
2158
2159
2160
2160
2161
2161
2168
2168
2170
2172
2175
2179
2179
2180
2183
2187
2189
2189
2190
2191
2193
2193
2196
2208
2211
2213
2213
2223
2229
2233
2236
2245
2249
2250
2253
2259
2262
2263
2267
2269
2269
2272
2272
2277
2278
2280
2280
2282
2283
2290
2291
2291
2303
2311
2313
2315
2318
2325
2328
2331
2346
2347
2347
2348
2351
2357
2362
2368
2369
2371
2371
2374
2376
2379
2381
2381
2382
2389
2390
2391
2395
2399
2401
2405
2408
2411
2413
2415
2415
2418
2423
2424
2433
2435
2435
2441
2446
2452
2455
2460
2469
2470
2471
2472
2473
2479
2482
2484
2490
2496
2498
2499
2499
2502
2508
2518
2526
2536
2544
2545
2549
2551
2551
2554
2562
2564
2571
2572
2576
2583
2584
2584
2585
2589
2594
2595
2598
2602
2606
2615
2619
2619
2633
2638
2643
2647
2648
2654
2654
2657
2662
2666
2666
2671
2673
2676
2685
2695
2695
2705
2706
2706
2708
2712
2716
2720
2725
2728
2732
2733
2734
2740
2745
2746
2751
2751
2753
2756
2762
2771
2771
2776
2779
2788
2804
2808
2811
2815
2817
2818
2818
2820
2823
2825
2828
2829
2837
2839
2844
2846
2848
2851
2853
2854
2855
2859
2859
2859
2861
2861
2862
2862
2862
2871
2875
2878
2879
2887
2890
2896
2903
2908
2908
2913
2914
2915
2923
2926
2926
2931
2931
2932
2935
2938
2939
2941
2945
2948
2950
2954
2956
2958
2964
2968
2973
2977
2977
2979
2979
2980
2984
2984
2985
2994
2995
2996
3001
3001
3004
3006
3014
3030
3034
3041
3050
3054
3059
3059
3060
3060
3061
3062
3065
3065
3069
3072
3082
3086
3094
3095
3110
3111
3115
3120
3130
3131
3131
3135
3135
3136
3137
3140
3141
3143
3148
3154
3158
3159
3166
3168
3168
3175
3188
3195
3196
3196
3196
3197
3198
3198
3200
3205
3208
3209
3210
3225
3225
3230
3238
3243
3245
3250
3251
3253
3255
3256
3256
3259
3267
3267
3274
3278
3280
3282
3283
3284
3289
3289
3293
3301
3302
3302
3303
3304
3306
3312
3312
3325
3326
3331
3334
3336
3339
3350
3351
3355
3357
3372
3374
3377
3378
3386
3388
3388
3388
3392
3392
3393
3396
3400
3402
3402
3406
3407
3409
3410
3411
3417
3417
3419
3420
3436
3440
3443
3449
3453
3457
3459
3460
3461
3469
3469
3469
3471
3475
3475
3479
3481
3485
3485
3489
3490
3490
3491
3493
3494
3494
3495
3495
3496
3496
3499
3505
3507
3510
3510
3511
3517
3519
3527
3529
3537
3546
3548
3551
3552
3565
3565
3565
3566
3575
3577
3579
3582
3583
3585
3591
3595
3599
3602
3604
3604
3605
3608
3609
3614
3619
3631
3635
3641
3643
3643
3648
3649
3649
3652
3654
3656
3657
3659
3665
3667
3669
3671
3672
3681
3695
3695
3701
3705
3717
3717
3718
3723
3727
3727
3728
3728
3738
3746
3748
3749
3750
3751
3751
3754
3756
3757
3759
3759
3759
3761
3762
3764
3766
3771
3772
3775
3781
3781
3787
3802
3802
3804
3806
3811
3817
3821
3829
3836
3838
3838
3843
3844
3844
3845
3848
3849
3854
3859
3860
3862
3865
3868
3869
3870
3870
3871
3873
3875
3877
3879
3896
3897
3912
3915
3918
3923
3925
3934
3936
3938
3942
3949
3952
3953
3954
3955
3963
3965
3966
3969
3970
3972
3977
3983
3986
3993
3995
3998
4000
4004
4008
4011
4012
4014
4014
4014
4016
4017
4020
4021
4024
4033
4034
4035
4038
4047
4049
4049
4052
4052
4052
4072
4073
4081
4082
4085
4089
4094
4097
4098
4098
4101
4106
4106
4111
4111
4112
4116
4123
4124
4131
4140
4142
4145
4146
4146
4148
4149
4150
4154
4156
4156
4161
4162
4168
4169
4169
4169
4171
4176
4191
4193
4193
4194
4198
4200
4201
4201
4203
4225
4225
4234
4234
4237
4238
4241
4244
4246
4248
4253
4265
4266
4280
4282
4283
4287
4290
4293
4303
4304
4307
4310
4311
4311
4312
4315
4316
4318
4320
4321
4322
4323
4324
4325
4329
4338
4341
4343
4345
4348
4352
4353
4360
4361
4363
4363
4363
4364
4366
4367
4368
4382
4384
4386
4386
4386
4387
4392
4398
4408
4410
4418
4420
4424
4425
4428
4430
4430
4430
4431
4432
4433
4435
4437
4438
4441
4442
4444
4447
4447
4448
4455
4455
4456
4462
4462
4464
4465
4470
4474
4488
4492
4492
4498
4498
4501
4502
4507
4508
4509
4513
4513
4515
4517
4518
4519
4521
4521
4522
4528
4528
4529
4533
4536
4537
4544
4544
4550
4554
4556
4556
4557
4562
4574
4586
4587
4587
4587
4588
4588
4590
4591
4600
4600
4604
4607
4611
4613
4618
4620
4620
4622
4623
4625
4627
4628
4630
4631
4633
4633
4635
4635
4643
4646
4649
4651
4652
4653
4664
4671
4675
4677
4683
4683
4686
4687
4692
4693
4693
4696
4700
4702
4710
4711
4718
4722
4723
4726
4728
4734
4736
4739
4757
4759
4760
4760
4763
4769
4770
4770
4771
4771
4772
4772
4776
4778
4786
4789
4795
4795
4800
4801
4807
4807
4808
4814
4818
4831
4834
4836
4844
4846
4849
4853
4860
4861
4862
4867
4869
4870
4873
4873
4875
4877
4878
4878
4882
4882
4883
4884
4884
4887
4891
4894
4895
4896
4897
4897
4899
4904
4905
4912
4921
4924
4925
4927
4936
4943
4945
4949
4950
4952
4952
4953
4955
4959
4959
4966
4966
4975
4976
4977
4977
4980
4985
4986
4988
4990
4993
4995
4995
4998
5001
5002
5005
5005
5008
5023
5024
5025
5027
5030
5032
5034
5038
5043
5048
5050
5059
5062
5064
5065
5065
5071
5081
5093
5094
5106
5107
5108
5110
5111
5112
5114
5114
5115
5119
5120
5123
5128
5134
5140
5146
5148
5150
5159
5161
5163
5167
5172
5172
5185
5185
5185
5187
5190
5192
5193
5193
5195
5196
5204
5208
5214
5215
5217
5223
5231
5235
5241
5242
5243
5243
5243
5245
5247
5249
5255
5258
5261
5264
5265
5268
5268
5270
5272
5275
5275
5278
5279
5279
5284
5298
5306
5306
5307
5308
5308
5313
5315
5315
5317
5321
5329
5333
5335
5337
5341
5350
5351
5361
5365
5366
5366
5368
5368
5374
5379
5386
5387
5388
5391
5397
5407
5409
5410
5421
5424
5428
5432
5434
5435
5435
5437
5438
5443
5445
5451
5455
5463
5463
5463
5471
5473
5476
5493
5495
5497
5502
5507
5507
5510
5511
5512
5512
5513
5513
5515
5520
5528
5530
5531
5533
5533
5536
5544
5546
5549
5549
5550
5554
5561
5567
5568
5568
5571
5576
5579
5583
5585
5591
5593
5598
5611
5623
5626
5639
5642
5654
5654
5660
5661
5663
5664
5666
5669
5675
5679
5690
5699
5700
5701
5701
5702
5712
5713
5713
5713
5714
5718
5723
5723
5725
5727
5728
5728
5733
5742
5749
5752
5753
5753
5761
5764
5767
5769
5776
5776
5781
5783
5794
5797
5802
5805
5807
5809
5814
5814
5816
5818
5821
5822
5822
5824
5825
5829
5831
5834
5836
5837
5840
5844
5847
5849
5857
5859
5859
5861
5864
5868
5875
5875
5879
5880
5887
5888
5892
5896
5901
5902
5908
5910
5911
5915
5919
5920
5922
5923
5928
5940
5943
5951
5954
5955
5955
5960
5966
5967
5972
5977
5979
5981
5983
5986
5986
5987
5989
5990
6001
6006
6011
6014
6016
6019
6019
6019
6024
6026
6027
6029
6030
6032
6039
6039
6040
6044
6047
6047
6048
6061
6066
6072
6079
6086
6087
6090
6092
6096
6097
6097
6098
6104
6110
6114
6117
6118
6120
6122
6130
6138
6140
6141
6143
6144
6149
6158
6159
6164
6173
6174
6181
6182
6182
6183
6183
6187
6193
6194
6199
6199
6200
6202
6204
6204
6206
6207
6208
6213
6219
6220
6220
6248
6248
6254
6254
6261
6262
6263
6263
6265
6266
6270
6273
6277
6278
6278
6279
6285
6287
6287
6290
6295
6301
6310
6311
6321
6330
6330
6337
6342
6345
6353
6353
6356
6356
6357
6360
6363
6366
6366
6367
6372
6373
6374
6380
6381
6386
6392
6396
6400
6404
6412
6412
6414
6416
6417
6422
6422
6423
6425
6427
6427
6437
6442
6443
6450
6455
6455
6463
6464
6467
6470
6474
6474
6476
6477
6481
6482
6485
6490
6495
6497
6504
6506
6506
6514
6518
6519
6523
6526
6530
6535
6542
6543
6544
6547
6550
6551
6552
6565
6565
6567
6570
6571
6573
6576
6577
6577
6578
6584
6585
6587
6592
6597
6600
6601
6602
6602
6615
6624
6628
6632
6633
6636
6636
6640
6655
6655
6658
6659
6659
6662
6662
6662
6668
6672
6675
6679
6684
6687
6693
6705
6711
6715
6716
6720
6722
6724
6725
6727
6733
6734
6736
6744
6746
6746
6748
6758
6762
6766
6767
6773
6776
6778
6782
6785
6790
6793
6795
6797
6798
6805
6811
6825
6825
6828
6829
6829
6841
6841
6841
6842
6845
6854
6855
6856
6858
6859
6859
6860
6862
6865
6866
6867
6870
6873
6874
6875
6876
6878
6892
6900
6907
6912
6913
6915
6915
6917
6921
6921
6924
6927
6932
6936
6938
6940
6940
6941
6943
6944
6951
6956
6962
6968
6972
6976
6977
6985
6988
6993
7006
7007
7008
7010
7016
7023
7023
7027
7029
7029
7036
7041
7044
7048
7050
7050
7055
7056
7057
7059
7059
7065
7072
7072
7078
7081
7086
7091
7098
7099
7100
7100
7104
7105
7107
7112
7114
7116
7116
7117
7119
7138
7149
7157
7162
7163
7166
7169
7169
7170
7172
7173
7176
7178
7179
7180
7180
7187
7190
7191
7196
7196
7202
7207
7210
7212
7226
7229
7234
7244
7250
7252
7253
7261
7262
7266
7266
7267
7282
7288
7292
7294
7297
7308
7309
7318
7318
7322
7322
7326
7328
7330
7338
7340
7342
7345
7347
7348
7349
7350
7353
7363
7371
7375
7376
7381
7389
7390
7391
7393
7397
7407
7408
7412
7414
7416
7417
7418
7418
7419
7421
7430
7436
7438
7439
7439
7456
7457
7459
7465
7467
7469
7469
7474
7474
7474
7475
7477
7479
7479
7480
7483
7483
7489
7491
7491
7493
7493
7494
7495
7496
7500
7511
7514
7517
7518
7523
7528
7530
7530
7531
7531
7533
7551
7552
7552
7555
7557
7561
7561
7570
7574
7579
7581
7586
7587
7589
7590
7594
7597
7603
7609
7613
7615
7621
7625
7627
7629
7635
7636
7638
7641
7643
7645
7646
7646
7649
7649
7653
7654
7655
7656
7657
7666
7666
7666
7669
7670
7672
7675
7681
7684
7685
7686
7690
7693
7694
7695
7697
7701
7702
7706
7707
7712
7716
7717
7724
7725
7729
7730
7738
7741
7742
7745
7745
7753
7753
7754
7756
7758
7760
7761
7764
7771
7775
7780
7784
7788
7788
7791
7791
7792
7792
7794
7803
7806
7810
7815
7822
7824
7831
7832
7838
7839
7839
7840
7842
7849
7850
7850
7851
7863
7865
7866
7867
7868
7871
7874
7881
7882
7885
7886
7888
7892
7893
7898
7908
7909
7914
7914
7928
7931
7933
7935
7937
7940
7942
7943
7943
7947
7951
7967
7969
7969
7972
7973
7974
7975
7976
7977
7982
7984
7987
7990
7994
8000
8001
8002
8007
8013
8013
8015
8015
8018
8024
8024
8026
8026
8029
8030
8032
8036
8038
8039
8040
8050
8051
8054
8056
8060
8060
8063
8069
8073
8077
8083
8090
8091
8093
8094
8095
8097
8097
8098
8102
8108
8120
8122
8123
8126
8130
8133
8133
8133
8139
8141
8145
8146
8146
8147
8153
8156
8158
8162
8168
8168
8169
8169
8177
8178
8182
8198
8201
8205
8208
8210
8212
8216
8216
8220
8234
8235
8237
8237
8241
8248
8249
8253
8255
8258
8259
8262
8271
8276
8277
8281
8281
8282
8286
8290
8291
8294
8298
8308
8313
8317
8319
8324
8326
8332
8336
8342
8343
8350
8360
8362
8364
8366
8370
8372
8374
8376
8380
8380
8382
8383
8387
8388
8393
8393
8393
8393
8395
8397
8397
8406
8407
8417
8418
8419
8424
8429
8434
8436
8442
8442
8450
8451
8455
8458
8459
8469
8476
8480
8488
8489
8497
8498
8502
8506
8507
8513
8515
8517
8518
8524
8526
8529
8531
8532
8535
8537
8537
8540
8549
8551
8558
8567
8571
8572
8573
8580
8580
8592
8592
8598
8599
8600
8600
8609
8614
8618
8623
8626
8627
8628
8629
8636
8636
8639
8639
8642
8643
8645
8646
8646
8656
8657
8658
8659
8660
8661
8670
8674
8685
8696
8698
8704
8715
8716
8720
8721
8722
8735
8736
8737
8740
8740
8740
8742
8742
8743
8745
8747
8753
8754
8755
8756
8764
8767
8771
8771
8772
8776
8783
8785
8786
8787
8793
8796
8797
8797
8797
8798
8799
8799
8803
8806
8810
8811
8811
8816
8821
8822
8824
8826
8827
8827
8835
8840
8841
8841
8843
8845
8849
8849
8852
8853
8858
8859
8862
8865
8866
8871
8873
8873
8874
8875
8875
8877
8879
8882
8890
8891
8892
8894
8901
8907
8909
8911
8913
8915
8918
8920
8923
8927
8933
8933
8937
8939
8939
8941
8941
8946
8949
8954
8956
8958
8963
8963
8963
8964
8966
8967
8984
8984
8984
8984
8990
8990
8993
9007
9008
9011
9013
9014
9015
9021
9022
9024
9026
9028
9030
9031
9036
9039
9046
9051
9053
9058
9058
9062
9062
9065
9068
9071
9077
9078
9081
9082
9083
9084
9084
9090
9093
9099
9100
9108
9114
9115
9125
9125
9126
9128
9131
9132
9134
9139
9140
9142
9145
9149
9154
9160
9165
9168
9169
9173
9176
9177
9180
9182
9187
9190
9201
9203
9203
9206
9211
9215
9217
9218
9219
9225
9228
9230
9234
9236
9237
9237
9238
9241
9241
9245
9248
9248
9249
9251
9254
9256
9262
9265
9265
9265
9265
9275
9276
9277
9279
9284
9296
9302
9305
9305
9305
9316
9318
9324
9326
9329
9345
9345
9353
9353
9358
9366
9378
9379
9384
9388
9393
9393
9395
9396
9397
9400
9401
9404
9406
9409
9410
9422
9431
9435
9437
9441
9444
9445
9445
9448
9449
9450
9451
9453
9456
9456
9461
9462
9466
9469
9469
9469
9477
9479
9485
9487
9490
9492
9492
9493
9493
9494
9495
9506
9508
9511
9511
9513
9517
9518
9526
9527
9530
9544
9544
9552
9559
9561
9568
9570
9573
9582
9585
9586
9587
9588
9588
9592
9592
9596
9597
9600
9606
9607
9612
9614
9617
9620
9621
9621
9627
9628
9631
9632
9641
9643
9643
9645
9647
9651
9654
9656
9657
9663
9666
9667
9668
9674
9675
9679
9681
9687
9690
9691
9692
9694
9697
9704
9708
9709
9709
9712
9715
9719
9722
9722
9724
9726
9736
9738
9748
9749
9751
9763
9768
9775
9780
9783
9785
9795
9798
9803
9803
9805
9806
9808
9813
9819
9820
9823
9823
9825
9828
9831
9835
9838
9840
9841
9847
9847
9850
9854
9854
9865
9869
9870
9871
9874
9876
9880
9880
9881
9888
9894
9900
9901
9915
9916
9916
9918
9934
9937
9937
9939
9948
9952
9952
9955
9960
9963
9964
9965
9970
9974
9978
9980
9982
9982
9984
9987
9994
9997
10005
10006
10007
10007
10007
10009
10020
10027
10029
10034
10034
10038
10040
10041
10044
10054
10055
10056
10062
10063
10063
10063
10069
10072
10072
10074
10075
10077
10079
10087
10087
10097
10097
10108
10112
10117
10120
10120
10122
10124
10126
10132
10132
10138
10149
10149
10156
10163
10163
10166
10167
10172
10172
10172
10176
10176
10178
10182
10191
10200
10206
10216
10216
10219
10228
10236
10236
10237
10239
10247
10253
10255
10256
10258
10259
10261
10264
10269
10270
10270
10275
10281
10284
10284
10294
10297
10304
10305
10306
10311
10313
10317
10320
10338
10339
10342
10351
10353
10356
10357
10357
10364
10364
10364
10365
10368
10373
10375
10376
10382
10383
10386
10389
10390
10390
10397
10397
10397
10403
10407
10407
10416
10416
10421
10429
10432
10440
10443
10451
10455
10468
10477
10477
10482
10492
10493
10506
10506
10508
10513
10520
10524
10525
10525
10526
10530
10534
10536
10536
10536
10539
10541
10542
10545
10549
10561
10565
10567
10569
10571
10578
10581
10582
10587
10592
10596
10603
10604
10605
10605
10607
10612
10614
10619
10620
10622
10628
10630
10631
10631
10639
10642
10644
10649
10657
10660
10660
10663
10667
10668
10669
10670
10682
10683
10687
10690
10702
10705
10709
10709
10711
10717
10724
10726
10727
10727
10729
10734
10736
10736
10738
10752
10753
10754
10755
10759
10759
10762
10766
10773
10780
10781
10788
10797
10797
10799
10799
10803
10804
10816
10823
10838
10853
10854
10857
10859
10861
10862
10864
10867
10869
10874
10876
10880
10881
10881
10883
10884
10886
10888
10896
10897
10900
10900
10901
10906
10909
10914
10920
10921
10924
10937
10937
10939
10940
10948
10949
10954
10963
10963
10965
10970
10973
10974
10975
10976
10979
10979
10983
10992
10993
10994
10996
10997
10998
10998
11009
11016
11019
11020
11020
11023
11024
11024
11025
11027
11029
11030
11033
11034
11045
11050
11053
11054
11058
11060
11061
11066
11074
11075
11077
11081
11086
11088
11090
11091
11094
11095
11098
11100
11102
11103
11103
11111
11112
11115
11117
11123
11124
11136
11138
11145
11154
11159
11160
11172
11172
11179
11180
11180
11181
11189
11189
11190
11192
11195
11195
11198
11200
11204
11210
11216
11218
11220
11220
11237
11237
11237
11252
11259
11260
11261
11263
11263
11272
11274
11277
11279
11282
11282
11284
11287
11289
11290
11291
11291
11292
11297
11298
11300
11307
11308
11311
11314
11319
11321
11322
11324
11324
11325
11331
11332
11335
11338
11347
11353
11353
11365
11370
11374
11380
11385
11392
11394
11394
11395
11397
11398
11407
11414
11415
11416
11419
11424
11428
11434
11434
11435
11437
11441
11448
11448
11450
11458
11459
11465
11472
11473
11473
11475
11480
11483
11485
11486
11487
11488
11492
11493
11496
11497
11504
11505
11509
11519
11519
11524
11527
11538
11549
11550
11555
11559
11566
11569
11579
11584
11584
11588
11594
11597
11598
11601
11601
11603
11603
11604
11611
11617
11620
11620
11620
11623
11626
11627
11630
11630
11633
11638
11638
11645
11648
11652
11663
11673
11673
11676
11676
11676
11681
11684
11684
11684
11689
11690
11698
11701
11705
11705
11707
11711
11714
11716
11718
11721
11723
11726
11730
11732
11733
11734
11735
11737
11745
11746
11756
11756
11757
11760
11773
11773
11779
11785
11789
11794
11796
11798
11800
11801
11803
11812
11813
11818
11819
11819
11820
11825
11825
11826
11827
11829
11830
11836
11841
11842
11842
11844
11850
11852
11855
11857
11862
11862
11872
11873
11877
11879
11886
11890
11899
11911
11911
11917
11918
11918
11921
11922
11924
11927
11929
11930
11932
11932
11933
11935
11941
11945
11947
11949
11958
11960
11963
11966
11970
11974
11975
11979
11982
11986
11989
11989
11990
11992
11992
11996
12002
12003
12004
12010
12014
12015
12020
12022
12029
12032
12034
12034
12034
12036
12038
12041
12043
12050
12052
12052
12052
12054
12055
12058
12060
12061
12065
12067
12070
12070
12073
12075
12076
12079
12081
12082
12083
12085
12085
12085
12086
12088
12092
12097
12098
12101
12119
12124
12128
12130
12131
12139
12139
12146
12150
12150
12153
12155
12157
12158
12158
12166
12172
12176
12178
12180
12184
12185
12186
12189
12190
12191
12192
12193
12194
12195
12196
12202
12203
12204
12212
12212
12213
12213
12215
12216
12218
12230
12232
12242
12242
12247
12254
12255
12266
12277
12278
12280
12281
12281
12292
12297
12299
12309
12309
12309
12314
12324
12336
12337
12340
12343
12345
12348
12349
12349
12355
12356
12360
12367
12381
12394
12398
12400
12401
12413
12415
12420
12423
12424
12425
12435
12437
12438
12439
12439
12440
12444
12453
12456
12457
12462
12467
12481
12487
12493
12493
12494
12496
12497
12500
12500
12516
12516
12517
12517
12523
12524
12525
12527
12528
12538
12538
12543
12543
12548
12551
12552
12559
12559
12560
12560
12564
12571
12581
12583
12584
12589
12591
12600
12601
12607
12609
12610
12612
12627
12638
12642
12642
12646
12646
12646
12665
12667
12674
12676
12681
12688
12696
12697
12700
12702
12704
12709
12711
12712
12717
12721
12733
12734
12741
12744
12744
12746
12752
12762
12762
12763
12765
12770
12771
12774
12774
12774
12778
12779
12782
12801
12801
12807
12812
12813
12813
12814
12828
12834
12834
12834
12838
12842
12847
12853
12854
12855
12859
12864
12867
12870
12871
12874
12878
12880
12885
12886
12888
12890
12893
12894
12896
12897
12907
12911
12915
12915
12916
12917
12924
12928
12939
12941
12941
12942
12943
12943
12944
12949
12952
12953
12971
12977
12977
12981
12982
12983
12985
12988
12990
12990
13005
13005
13015
13020
13023
13029
13032
13032
13037
13040
13053
13054
13057
13062
13063
13064
13072
13074
13075
13080
13085
13086
13087
13088
13089
13092
13096
13100
13108
13110
13114
13119
13123
13126
13130
13131
13132
13134
13136
13138
13143
13145
13152
13153
13153
13154
13154
13159
13162
13166
13168
13169
13170
13171
13180
13183
13185
13189
13192
13202
13202
13203
13203
13204
13210
13210
13211
13211
13221
13227
13229
13231
13232
13234
13234
13235
13235
13237
13239
13247
13250
13251
13252
13258
13268
13269
13275
13275
13275
13277
13278
13279
13280
13286
13287
13287
13293
13297
13298
13299
13299
13303
13306
13307
13307
13309
13313
13319
13320
13321
13328
13328
13339
13342
13350
13350
13354
13357
13362
13365
13366
13367
13371
13371
13374
13382
13386
13387
13389
13391
13398
13401
13419
13419
13423
13423
13425
13433
13435
13449
13449
13452
13458
13460
13461
13465
13465
13468
13469
13472
13479
13480
13481
13485
13486
13489
13497
13497
13497
13500
13504
13506
13510
13520
13521
13529
13532
13533
13538
13539
13539
13539
13541
13542
13545
13549
13554
13558
13559
13564
13564
13572
13575
13576
13581
13584
13604
13606
13616
13616
13621
13621
13622
13622
13623
13623
13625
13633
13635
13640
13641
13643
13644
13645
13646
13646
13648
13652
13654
13654
13656
13658
13668
13674
13676
13676
13678
13681
13681
13687
13687
13688
13699
13708
13708
13709
13710
13711
13712
13716
13718
13721
13724
13724
13725
13730
13732
13732
13733
13734
13735
13742
13744
13754
13763
13764
13767
13767
13767
13771
13773
13773
13777
13779
13780
13783
13788
13800
13810
13813
13818
13819
13821
13831
13831
13832
13832
13836
13838
13845
13846
13848
13849
13852
13855
13864
13865
13869
13873
13878
13881
13882
13885
13888
13889
13895
13903
13903
13907
13910
13913
13923
13924
13931
13934
13941
13945
13947
13950
13955
13957
13962
13964
13975
13975
13980
13981
13983
13988
13990
13992
14000
14004
14008
14009
14010
14031
14032
14034
14040
14043
14043
14044
14059
14062
14068
14071
14072
14073
14077
14087
14088
14089
14091
14093
14099
14100
14106
14108
14109
14114
14119
14120
14121
14127
14127
14127
14129
14142
14145
14146
14148
14148
14151
14155
14160
14161
14161
14169
14172
14173
14175
14180
14180
14184
14192
14193
14195
14200
14207
14213
14217
14219
14220
14221
14233
14233
14235
14248
14249
14256
14258
14259
14261
14264
14264
14265
14268
14269
14269
14278
14280
14280
14293
14297
14299
14312
14314
14314
14320
14325
14329
14330
14331
14338
14341
14342
14358
14362
14364
14366
14371
14375
14378
14382
14385
14387
14387
14389
14390
14396
14397
14400
14405
14406
14408
14416
14421
14426
14429
14434
14437
14444
14456
14459
14460
14461
14468
14469
14470
14476
14478
14478
14479
14488
14492
14493
14495
14495
14498
14510
14516
14522
14523
14523
14523
14524
14527
14530
14532
14536
14542
14543
14546
14549
14558
14572
14575
14576
14582
14583
14585
14586
14587
14594
14594
14595
14595
14596
14598
14600
14606
14608
14608
14609
14613
14615
14615
14616
14617
14622
14633
14634
14636
14637
14639
14642
14646
14646
14659
14667
14675
14676
14678
14686
14691
14697
14698
14715
14716
14718
14719
14723
14723
14728
14729
14730
14741
14743
14744
14745
14746
14750
14751
14755
14755
14756
14759
14761
14762
14762
14770
14782
14782
14786
14789
14795
14799
14802
14806
14815
14819
14828
14835
14838
14840
14847
14847
14847
14848
14854
14860
14860
14861
14862
14863
14872
14876
14884
14893
14895
14896
14899
14906
14907
14911
14913
14919
14920
14921
14921
14924
14928
14928
14929
14931
14935
14936
14937
14940
14942
14944
14945
14950
14953
14959
14978
14989
14992
14993
14994
15010
15011
15015
15018
15019
15020
15022
15027
15027
15030
15041
15042
15044
15046
15046
15050
15050
15053
15054
15062
15063
15067
15068
15070
15071
15079
15085
15092
15093
15093
15095
15098
15100
15103
15104
15115
15118
15119
15120
15121
15122
15129
15135
15150
15151
15152
15161
15164
15166
15167
15171
15173
15174
15182
15183
15184
15186
15188
15188
15205
15205
15207
15211
15215
15217
15219
15228
15233
15234
15237
15242
15242
15243
15244
15253
15253
15255
15256
15265
15269
15273
15274
15278
15282
15290
15297
15298
15299
15301
15301
15302
15306
15309
15310
15311
15311
15313
15313
15316
15323
15324
15325
15327
15329
15337
15348
15355
15358
15359
15361
15363
15363
15368
15368
15370
15383
15385
15387
15387
15389
15392
15392
15396
15398
15403
15426
15426
15426
15428
15428
15429
15432
15433
15434
15435
15441
15447
15448
15449
15450
15454
15456
15463
15464
15466
15468
15472
15473
15475
15477
15480
15482
15485
15487
15487
15497
15499
15502
15506
15510
15512
15517
15517
15517
15519
15520
15522
15523
15523
15524
15525
15527
15527
15529
15533
15534
15535
15538
15538
15546
15549
15551
15555
15555
15563
15570
15576
15586
15587
15588
15589
15591
15592
15593
15600
15609
15617
15620
15624
15630
15634
15635
15646
15652
15656
15661
15662
15662
15666
15667
15669
15670
15673
15675
15675
15676
15685
15685
15686
15691
15692
15695
15696
15697
15706
15707
15715
15717
15724
15726
15726
15727
15728
15737
15743
15747
15756
15758
15762
15764
15765
15767
15769
15778
15779
15781
15781
15785
15791
15796
15799
15806
15807
15808
15812
15817
15820
15824
15832
15836
15837
15837
15839
15841
15851
15851
15854
15857
15858
15863
15864
15866
15870
15870
15878
15881
15890
15891
15894
15895
15897
15903
15903
15904
15905
15907
15912
15916
15919
15923
15931
15931
15932
15932
15933
15936
15938
15942
15949
15954
15960
15961
15963
15964
15966
15974
15975
15981
15982
15983
15992
15996
15996
16001
16002
16002
16002
16008
16014
16016
16024
16027
16027
16028
16040
16048
16050
16050
16057
16059
16061
16062
16065
16065
16067
16077
16079
16080
16086
16087
16090
16092
16094
16094
16100
16103
16110
16116
16118
16118
16119
16121
16123
16123
16125
16126
16128
16128
16134
16134
16142
16147
16153
16155
16157
16158
16160
16161
16162
16164
16165
16168
16171
16172
16174
16176
16181
16187
16191
16199
16200
16204
16209
16215
16229
16230
16243
16243
16244
16247
16248
16249
16250
16251
16252
16252
16254
16257
16260
16261
16261
16267
16269
16272
16272
16273
16297
16308
16315
16317
16319
16323
16324
16327
16328
16329
16332
16337
16338
16340
16344
16349
16349
16350
16357
16359
16363
16367
16375
16375
16381
16382
16383
16383
16391
16395
16397
16403
16405
16414
16417
16422
16423
16432
16435
16440
16442
16444
16447
16450
16450
16451
16452
16456
16459
16459
16463
16465
16470
16475
16475
16477
16479
16479
16481
16482
16485
16486
16487
16487
16488
16488
16490
16495
16496
16501
16505
16507
16513
16523
16524
16526
16528
16533
16538
16543
16546
16547
16549
16556
16557
16558
16569
16571
16575
16578
16581
16583
16583
16583
16587
16592
16594
16597
16599
16603
16612
16613
16614
16614
16615
16615
16618
16620
16621
16630
16648
16648
16648
16652
16654
16662
16677
16677
16679
16685
16694
16694
16695
16698
16701
16711
16717
16719
16720
16721
16724
16725
16726
16730
16745
16746
16750
16755
16759
16764
16765
16769
16770
16772
16772
16773
16775
16779
16782
16784
16789
16792
16792
16794
16795
16799
16799
16818
16820
16829
16829
16830
16830
16836
16840
16845
16846
16847
16847
16857
16866
16870
16871
16873
16874
16874
16878
16884
16887
16888
16892
16892
16896
16897
16897
16901
16907
16908
16908
16912
16915
16916
16927
16930
16933
16936
16939
16941
16944
16948
16951
16957
16958
16977
16978
16981
16981
16983
16984
16985
16989
16994
17000
17004
17006
17012
17022
17026
17029
17030
17030
17031
17039
17041
17049
17053
17055
17059
17061
17063
17066
17067
17067
17074
17083
17083
17084
17086
17087
17095
17098
17106
17107
17109
17110
17117
17119
17119
17120
17120
17134
17139
17141
17143
17146
17148
17150
17150
17151
17152
17153
17164
17165
17166
17169
17171
17172
17173
17178
17184
17195
17197
17197
17209
17209
17210
17211
17216
17217
17221
17222
17229
17229
17230
17245
17245
17246
17246
17250
17250
17254
17254
17257
17259
17259
17260
17262
17262
17262
17267
17270
17278
17283
17289
17293
17301
17305
17309
17311
17311
17314
17317
17318
17320
17322
17327
17333
17345
17347
17347
17352
17353
17357
17361
17362
17364
17365
17365
17365
17380
17388
17390
17392
17400
17402
17403
17417
17424
17425
17428
17430
17430
17434
17436
17437
17437
17441
17441
17443
17445
17445
17451
17452
17454
17458
17476
17483
17486
17487
17496
17497
17502
17503
17506
17508
17509
17513
17513
17530
17532
17537
17538
17541
17541
17547
17549
17554
17563
17564
17574
17577
17583
17583
17587
17588
17590
17597
17600
17601
17605
17611
17616
17617
17620
17624
17625
17627
17633
17635
17637
17637
17641
17645
17649
17650
17652
17662
17663
17668
17672
17685
17686
17689
17691
17691
17692
17693
17699
17703
17707
17708
17709
17719
17721
17728
17729
17733
17739
17740
17741
17751
17752
17755
17756
17764
17767
17771
17773
17780
17783
17784
17785
17787
17790
17794
17804
17806
17816
17816
17818
17822
17828
17830
17832
17833
17838
17838
17839
17841
17842
17843
17845
17846
17850
17850
17853
17854
17859
17862
17862
17865
17871
17872
17872
17881
17882
17883
17884
17885
17888
17889
17889
17894
17896
17900
17901
17906
17907
17910
17912
17919
17924
17925
17926
17930
17933
17933
17933
17938
17946
17949
17951
17954
17967
17975
17976
17982
17983
18006
18007
18010
18010
18012
18013
18013
18017
18026
18032
18032
18035
18040
18044
18048
18066
18069
18072
18076
18078
18085
18087
18091
18093
18095
18095
18099
18102
18103
18104
18105
18105
18108
18109
18110
18111
18116
18116
18117
18124
18129
18130
18134
18144
18154
18157
18160
18168
18170
18170
18175
18179
18180
18181
18185
18186
18186
18187
18194
18194
18194
18200
18202
18208
18208
18211
18216
18218
18221
18222
18224
18228
18235
18243
18243
18244
18255
18255
18265
18266
18266
18267
18271
18273
18274
18278
18279
18279
18281
18285
18287
18287
18287
18288
18301
18305
18308
18321
18324
18327
18330
18333
18334
18337
18342
18350
18352
18353
18361
18367
18368
18369
18370
18376
18380
18384
18386
18393
18394
18396
18397
18398
18403
18407
18410
18411
18411
18411
18412
18417
18418
18419
18420
18428
18435
18436
18450
18452
18453
18455
18467
18473
18477
18483
18484
18487
18493
18494
18495
18498
18503
18503
18506
18509
18510
18510
18515
18525
18525
18526
18533
18535
18537
18542
18543
18564
18567
18576
18577
18580
18585
18585
18588
18605
18610
18612
18612
18616
18621
18621
18626
18629
18629
18632
18634
18642
18644
18646
18649
18650
18650
18653
18655
18660
18663
18666
18669
18672
18674
18674
18675
18676
18679
18680
18682
18688
18690
18693
18695
18710
18716
18721
18726
18727
18730
18734
18739
18740
18748
18749
18750
18754
18754
18768
18776
18778
18780
18783
18786
18787
18788
18789
18798
18800
18803
18818
18819
18821
18825
18828
18829
18829
18830
18830
18830
18832
18841
18845
18846
18847
18848
18852
18858
18858
18867
18867
18876
18886
18888
18889
18891
18901
18921
18925
18926
18931
18934
18941
18947
18957
18960
18965
18966
18972
18974
18984
18988
18996
18999
19004
19004
19008
19011
19011
19015
19016
19017
19018
19021
19022
19023
19026
19027
19027
19029
19033
19038
19047
19050
19055
19058
19058
19066
19068
19069
19078
19083
19085
19095
19100
19100
19101
19103
19105
19108
19111
19111
19113
19116
19121
19123
19132
19132
19137
19137
19138
19147
19149
19153
19154
19157
19162
19164
19168
19168
19169
19169
19171
19176
19177
19187
19193
19196
19197
19202
19202
19204
19206
19207
19211
19211
19216
19216
19219
19228
19228
19242
19243
19245
19248
19253
19259
19264
19264
19266
19266
19268
19270
19270
19278
19282
19290
19291
19296
19298
19304
19305
19306
19306
19314
19315
19318
19319
19322
19323
19325
19331
19332
19334
19335
19338
19341
19345
19348
19353
19353
19355
19362
19370
19370
19370
19371
19373
19378
19378
19381
19381
19382
19382
19385
19394
19397
19402
19403
19404
19410
19417
19423
19425
19426
19432
19433
19435
19436
19437
19438
19439
19442
19446
19451
19451
19452
19453
19453
19454
19462
19463
19464
19466
19472
19473
19476
19477
19478
19480
19482
19487
19488
19492
19500
19500
19501
19501
19503
19506
19507
19515
19515
19516
19517
19530
19535
19535
19543
19544
19544
19552
19555
19567
19568
19570
19572
19573
19574
19586
19587
19588
19596
19598
19602
19603
19605
19605
19609
19609
19613
19616
19621
19622
19623
19623
19628
19631
19632
19641
19642
19643
19655
19660
19664
19666
19668
19671
19675
19676
19677
19680
19684
19685
19685
19686
19688
19688
19691
19692
19692
19695
19700
19700
19709
19709
19711
19713
19714
19715
19716
19719
19721
19723
19727
19728
19730
19733
19734
19736
19756
19756
19760
19761
19765
19766
19766
19771
19772
19772
19776
19776
19777
19782
19784
19792
19794
19794
19799
19809
19817
19823
19825
19830
19830
19837
19837
19843
19846
19847
19848
19850
19853
19854
19857
19866
19869
19873
19873
19880
19880
19885
19893
19896
19898
19905
19907
19913
19919
19921
19924
19925
19930
19938
19940
19940
19942
19942
19946
19951
19953
19958
19964
19965
19966
19987
19995
19996
19996
19997
20002
20004
20011
20012
20016
20017
20020
20022
20030
20030
20033
20034
20034
20040
20040
20050
20053
20061
20066
20067
20075
20079
20084
20086
20087
20089
20092
20092
20094
20095
20096
20097
20099
20107
20108
20119
20124
20129
20130
20142
20147
20153
20155
20162
20165
20172
20175
20180
20182
20182
20188
20195
20196
20197
20200
20209
20218
20232
20233
20236
20237
20237
20242
20242
20244
20249
20250
20252
20253
20254
20256
20257
20257
20261
20265
20269
20270
20279
20280
20281
20281
20283
20284
20285
20285
20286
20287
20288
20291
20291
20296
20297
20298
20310
20317
20318
20322
20324
20324
20330
20336
20340
20341
20343
20343
20345
20348
20349
20349
20350
20351
20355
20360
20362
20366
20380
20383
20388
20390
20404
20407
20407
20416
20417
20417
20417
20418
20419
20419
20424
20432
20432
20438
20441
20446
20448
20450
20452
20454
20456
20459
20460
20461
20465
20467
20473
20473
20477
20490
20492
20493
20498
20499
20510
20511
20511
20520
20520
20521
20526
20527
20528
20543
20551
20552
20556
20557
20560
20561
20563
20571
20579
20579
20596
20596
20600
20601
20604
20605
20608
20610
20615
20618
20619
20623
20626
20627
20633
20635
20637
20637
20642
20643
20660
20664
20667
20672
20674
20674
20677
20678
20682
20692
20701
20703
20704
20706
20711
20714
20714
20715
20715
20724
20727
20732
20736
20745
20746
20752
20755
20755
20756
20759
20764
20766
20766
20767
20768
20770
20773
20778
20780
20783
20792
20795
20797
20801
20807
20809
20810
20815
20823
20829
20831
20833
20844
20847
20860
20862
20866
20866
20867
20869
20873
20880
20885
20888
20891
20894
20895
20895
20902
20902
20906
20909
20911
20917
20917
20918
20924
20927
20933
20935
20936
20939
20944
20946
20948
20949
20952
20954
20955
20957
20957
20958
20962
20968
20970
20973
20976
20980
20987
20987
20999
21005
21005
21006
21008
21010
21012
21020
21021
21022
21026
21029
21029
21036
21039
21041
21042
21045
21047
21049
21054
21059
21061
21068
21070
21070
21072
21077
21085
21091
21092
21094
21097
21106
21107
21109
21110
21110
21119
21120
21121
21122
21122
21125
21126
21128
21129
21129
21130
21144
21145
21147
21149
21154
21156
21157
21157
21160
21160
21164
21168
21172
21175
21175
21179
21186
21190
21191
21194
21196
21197
21198
21200
21205
21205
21210
21215
21216
21217
21223
21225
21225
21226
21226
21227
21240
21241
21241
21241
21241
21243
21246
21248
21249
21258
21259
21261
21264
21264
21268
21271
21273
21275
21293
21295
21297
21297
21301
21303
21305
21306
21308
21319
21320
21328
21333
21335
21335
21336
21337
21338
21344
21345
21347
21351
21358
21361
21366
21368
21369
21370
21374
21375
21376
21387
21388
21389
21392
21393
21400
21408
21409
21410
21413
21420
21425
21425
21426
21426
21427
21430
21432
21434
21446
21453
21454
21454
21459
21460
21460
21461
21470
21471
21480
21480
21482
21485
21492
21493
21494
21494
21496
21505
21506
21507
21507
21513
21519
21520
21521
21529
21530
21534
21535
21539
21539
21540
21544
21546
21548
21548
21551
21558
21565
21566
21571
21573
21573
21578
21592
21597
21599
21604
21604
21612
21612
21621
21627
21632
21635
21636
21637
21637
21648
21650
21666
21669
21669
21671
21674
21675
21676
21679
21683
21684
21685
21690
21708
21709
21709
21711
21713
21717
21723
21725
21727
21731
21739
21742
21748
21752
21761
21762
21770
21771
21775
21775
21775
21777
21789
21796
21797
21798
21800
21815
21816
21817
21817
21822
21826
21828
21828
21834
21837
21838
21838
21839
21840
21842
21854
21854
21858
21859
21860
21862
21869
21879
21883
21890
21891
21893
21899
21900
21901
21904
21908
21914
21915
21920
21925
21928
21934
21937
21944
21944
21952
21953
21953
21958
21961
21961
21974
21980
21980
21983
21985
21985
21985
21986
21987
21993
21999
22001
22005
22006
22009
22011
22013
22013
22017
22034
22035
22036
22036
22041
22042
22045
22048
22056
22057
22058
22062
22067
22070
22077
22079
22090
22092
22094
22096
22096
22098
22101
22103
22104
22116
22119
22122
22125
22127
22131
22132
22135
22138
22139
22144
22150
22151
22153
22156
22157
22164
22167
22169
22172
22175
22176
22179
22186
22188
22196
22212
22216
22218
22229
22235
22237
22240
22247
22252
22262
22266
22266
22272
22273
22274
22277
22277
22279
22281
22283
22291
22291
22293
22294
22295
22296
22297
22298
22301
22302
22318
22322
22325
22338
22339
22341
22344
22346
22349
22349
22350
22362
22374
22390
22392
22394
22398
22405
22405
22408
22412
22413
22413
22415
22419
22419
22422
22425
22426
22432
22432
22433
22437
22440
22443
22443
22444
22447
22447
22448
22449
22451
22456
22459
22460
22476
22481
22481
22484
22484
22486
22490
22493
22496
22501
22504
22510
22511
22514
22518
22520
22524
22529
22539
22544
22546
22546
22548
22557
22559
22563
22570
22576
22578
22581
22585
22589
22590
22591
22592
22592
22602
22608
22612
22614
22620
22621
22625
22625
22627
22630
22633
22635
22638
22639
22640
22642
22648
22650
22650
22654
22657
22657
22667
22668
22671
22671
22673
22674
22675
22675
22678
22679
22679
22695
22697
22697
22702
22708
22713
22714
22722
22722
22725
22726
22729
22733
22736
22739
22739
22741
22744
22749
22754
22754
22765
22774
22779
22795
22797
22799
22801
22802
22805
22805
22814
22816
22818
22822
22826
22832
22833
22837
22839
22843
22848
22849
22855
22855
22856
22863
22873
22878
22881
22883
22886
22886
22888
22893
22893
22898
22900
22904
22906
22911
22913
22919
22923
22923
22925
22926
22927
22940
22942
22943
22944
22946
22962
22965
22967
22969
22972
22979
22982
22989
22990
22998
23000
23001
23004
23005
23009
23011
23015
23021
23022
23026
23033
23047
23049
23052
23053
23055
23057
23058
23060
23064
23070
23078
23079
23080
23082
23087
23087
23092
23093
23094
23096
23099
23105
23107
23117
23118
23121
23127
23128
23130
23130
23131
23134
23139
23142
23152
23156
23156
23159
23161
23162
23162
23167
23169
23170
23176
23178
23182
23184
23186
23187
23187
23192
23198
23207
23207
23215
23221
23221
23224
23226
23227
23231
23232
23235
23236
23255
23258
23258
23267
23270
23271
23276
23282
23282
23286
23287
23292
23296
23300
23300
23302
23307
23315
23326
23333
23334
23341
23343
23344
23348
23352
23355
23361
23363
23365
23365
23366
23367
23367
23368
23368
23369
23370
23375
23375
23379
23379
23384
23387
23388
23392
23393
23401
23404
23408
23408
23415
23416
23421
23425
23431
23432
23434
23445
23447
23454
23457
23458
23460
23460
23461
23461
23462
23465
23467
23468
23469
23470
23470
23471
23472
23473
23476
23477
23478
23483
23487
23490
23491
23495
23497
23505
23506
23508
23509
23511
23514
23516
23519
23524
23532
23534
23534
23536
23539
23540
23555
23560
23561
23564
23568
23569
23570
23570
23576
23582
23585
23590
23591
23594
23600
23616
23617
23620
23622
23625
23625
23626
23627
23630
23640
23642
23643
23647
23650
23654
23655
23656
23658
23662
23665
23665
23666
23669
23679
23681
23682
23685
23686
23687
23689
23690
23690
23692
23693
23700
23700
23701
23703
23708
23708
23708
23710
23713
23714
23717
23721
23721
23722
23722
23723
23725
23728
23728
23730
23730
23732
23732
23735
23739
23740
23741
23744
23747
23747
23749
23749
23761
23767
23768
23769
23770
23775
23776
23783
23786
23788
23791
23792
23800
23805
23806
23821
23822
23825
23831
23831
23832
23841
23844
23845
23849
23849
23859
23863
23864
23872
23879
23879
23881
23886
23896
23896
23903
23908
23911
23917
23918
23926
23927
23928
23929
23931
23931
23932
23934
23936
23939
23940
23943
23952
23959
23961
23964
23964
23964
23968
23969
23969
23979
23984
23988
23996
23997
23998
24000
24004
24004
24004
24013
24013
24019
24024
24024
24030
24033
24033
24035
24036
24037
24041
24042
24047
24050
24060
24071
24073
24075
24076
24078
24078
24082
24084
24087
24098
24105
24109
24110
24114
24117
24120
24122
24124
24133
24136
24139
24141
24143
24144
24148
24151
24152
24152
24165
24166
24166
24166
24172
24178
24179
24183
24186
24187
24200
24205
24210
24215
24225
24226
24234
24236
24240
24241
24248
24250
24256
24258
24263
24265
24267
24267
24268
24271
24274
24274
24275
24277
24280
24281
24282
24283
24287
24297
24299
24302
24307
24310
24311
24316
24318
24319
24323
24325
24327
24328
24332
24333
24335
24337
24337
24338
24341
24342
24346
24346
24350
24351
24355
24358
24362
24364
24364
24373
24377
24377
24383
24388
24388
24396
24398
24398
24402
24412
24413
24422
24427
24428
24429
24430
24430
24438
24439
24440
24445
24448
24448
24449
24457
24463
24464
24471
24471
24483
24488
24494
24497
24499
24508
24511
24512
24515
24518
24520
24523
24527
24529
24530
24531
24535
24537
24546
24546
24547
24552
24555
24555
24558
24559
24559
24562
24564
24568
24572
24573
24578
24579
24582
24587
24592
24595
24596
24599
24607
24609
24610
24611
24616
24617
24618
24623
24624
24634
24640
24644
24646
24654
24656
24656
24656
24659
24662
24663
24675
24676
24681
24686
24687
24688
24689
24694
24695
24706
24708
24709
24711
24713
24714
24717
24718
24718
24728
24729
24742
24742
24745
24752
24752
24758
24768
24768
24768
24770
24771
24773
24774
24777
24781
24785
24793
24796
24808
24808
24811
24815
24819
24822
24824
24826
24828
24842
24844
24847
24850
24853
24859
24861
24866
24867
24868
24870
24878
24881
24888
24889
24891
24891
24902
24902
24905
24906
24908
24910
24912
24912
24913
24918
24921
24923
24925
24929
24931
24936
24936
24941
24942
24945
24949
24952
24957
24970
24971
24972
24976
24978
24981
24994
24997
25009
25012
25013
25013
25013
25015
25015
25022
25023
25028
25033
25036
25038
25040
25042
25042
25048
25048
25052
25054
25064
25068
25068
25069
25072
25075
25075
25075
25081
25083
25084
25091
25092
25094
25095
25096
25098
25101
25103
25105
25110
25115
25119
25135
25135
25136
25136
25138
25141
25142
25145
25150
25151
25152
25152
25153
25157
25158
25159
25159
25160
25164
25174
25176
25179
25179
25182
25190
25198
25211
25214
25217
25224
25226
25227
25227
25228
25231
25234
25237
25241
25251
25252
25254
25255
25259
25262
25270
25281
25283
25287
25287
25292
25294
25295
25299
25299
25300
25300
25302
25302
25304
25308
25308
25310
25331
25336
25343
25344
25346
25347
25348
25348
25353
25359
25363
25372
25375
25381
25382
25383
25386
25395
25398
25407
25413
25413
25414
25417
25417
25421
25424
25425
25427
25429
25432
25432
25433
25442
25444
25451
25452
25455
25456
25462
25463
25465
25465
25465
25467
25468
25472
25477
25482
25484
25485
25494
25497
25498
25498
25502
25506
25511
25511
25514
25520
25523
25523
25526
25529
25533
25534
25540
25547
25548
25549
25552
25556
25557
25559
25562
25562
25566
25568
25570
25581
25586
25586
25597
25597
25598
25598
25599
25600
25602
25606
25609
25614
25614
25626
25627
25629
25629
25640
25641
25642
25643
25644
25645
25647
25647
25647
25655
25658
25658
25661
25664
25672
25677
25677
25678
25680
25686
25690
25693
25694
25701
25702
25708
25709
25710
25710
25715
25725
25725
25727
25730
25733
25734
25739
25742
25745
25747
25749
25749
25751
25760
25760
25761
25764
25769
25770
25771
25771
25789
25793
25794
25794
25797
25799
25799
25800
25808
25812
25813
25814
25816
25820
25825
25828
25830
25848
25849
25854
25855
25856
25860
25863
25864
25869
25872
25872
25876
25878
25879
25880
25885
25886
25887
25887
25888
25891
25893
25897
25900
25902
25903
25907
25916
25916
25917
25919
25923
25931
25933
25935
25936
25938
25940
25940
25942
25947
25959
25961
25961
25962
25964
25965
25966
25974
25977
25981
25985
25988
25992
25994
26000
26000
26000
26005
26006
26006
26007
26008
26012
26014
26025
26026
26027
26028
26036
26039
26040
26041
26042
26044
26047
26050
26051
26055
26060
26073
26077
26087
26090
26097
26103
26105
26110
26112
26114
26116
26121
26122
26123
26124
26134
26142
26142
26147
26150
26155
26158
26158
26159
26162
26166
26171
26179
26182
26189
26193
26198
26202
26208
26213
26214
26216
26217
26224
26234
26243
26248
26249
26253
26259
26261
26262
26262
26267
26275
26280
26282
26284
26284
26287
26299
26302
26303
26312
26312
26313
26316
26318
26319
26322
26323
26327
26335
26340
26341
26341
26343
26345
26347
26354
26355
26358
26361
26363
26365
26369
26373
26374
26376
26378
26380
26382
26382
26383
26388
26390
26406
26408
26411
26412
26419
26419
26425
26426
26426
26428
26448
26450
26453
26454
26454
26455
26459
26465
26474
26479
26482
26482
26482
26483
26484
26484
26486
26488
26490
26491
26494
26496
26502
26503
26505
26507
26507
26516
26517
26518
26518
26518
26519
26524
26525
26525
26525
26531
26533
26536
26538
26543
26551
26552
26560
26567
26569
26576
26579
26581
26583
26588
26590
26590
26592
26601
26603
26608
26610
26611
26612
26624
26624
26626
26630
26646
26649
26650
26652
26653
26655
26656
26659
26660
26661
26667
26668
26668
26669
26669
26677
26682
26682
26683
26686
26689
26690
26692
26695
26698
26705
26708
26712
26715
26723
26724
26729
26729
26731
26739
26741
26742
26744
26746
26747
26748
26759
26759
26769
26773
26774
26777
26778
26778
26784
26784
26786
26792
26794
26802
26802
26804
26805
26812
26821
26827
26840
26843
26848
26848
26851
26851
26857
26859
26860
26872
26875
26877
26878
26886
26887
26891
26893
26905
26906
26919
26919
26922
26922
26922
26925
26929
26931
26939
26940
26943
26945
26947
26950
26956
26960
26960
26963
26963
26968
26971
26975
26975
26979
26983
26996
26999
27003
27009
27009
27009
27010
27011
27012
27013
27031
27033
27034
27034
27038
27039
27044
27045
27045
27060
27065
27070
27071
27072
27076
27079
27083
27083
27083
27084
27085
27089
27096
27105
27106
27110
27117
27117
27123
27130
27130
27134
27137
27142
27147
27150
27150
27152
27152
27162
27170
27171
27173
27174
27178
27178
27181
27189
27190
27197
27198
27199
27203
27210
27211
27211
27211
27215
27220
27220
27221
27224
27225
27226
27226
27233
27235
27235
27236
27238
27243
27245
27248
27250
27251
27253
27255
27266
27266
27269
27271
27274
27278
27280
27285
27285
27287
27291
27293
27294
27294
27298
27302
27307
27316
27320
27325
27327
27328
27329
27330
27331
27337
27339
27339
27340
27340
27341
27342
27349
27361
27362
27366
27370
27371
27384
27384
27387
27391
27392
27393
27394
27394
27396
27397
27397
27402
27409
27410
27412
27418
27420
27427
27429
27439
27440
27441
27445
27448
27452
27459
27460
27467
27468
27471
27471
27472
27472
27474
27476
27482
27484
27492
27497
27497
27499
27512
27514
27515
27516
27521
27522
27524
27525
27529
27530
27535
27535
27537
27538
27542
27544
27548
27548
27551
27553
27553
27555
27562
27565
27568
27568
27568
27576
27582
27582
27597
27597
27609
27613
27614
27614
27615
27616
27622
27623
27626
27626
27626
27628
27628
27628
27635
27636
27637
27644
27644
27645
27648
27649
27651
27654
27657
27657
27660
27662
27667
27668
27671
27674
27677
27678
27680
27685
27688
27696
27704
27706
27711
27717
27724
27727
27728
27729
27729
27730
27734
27735
27738
27738
27738
27747
27755
27758
27764
27766
27766
27768
27772
27779
27780
27781
27783
27785
27787
27787
27792
27794
27796
27803
27804
27808
27810
27815
27822
27825
27830
27832
27836
27839
27843
27847
27848
27855
27856
27857
27858
27859
27859
27859
27864
27870
27872
27874
27878
27879
27882
27889
27890
27897
27901
27906
27912
27917
27918
27922
27924
27924
27924
27924
27926
27929
27930
27935
27937
27939
27939
27944
27944
27950
27954
27956
27959
27961
27961
27962
27971
27979
27981
27982
27984
27984
27984
27988
27993
27998
28001
28009
28011
28017
28028
28028
28028
28031
28031
28046
28049
28050
28054
28054
28057
28065
28070
28071
28071
28074
28075
28076
28082
28086
28089
28089
28097
28099
28099
28100
28102
28105
28108
28114
28119
28120
28124
28127
28128
28140
28146
28147
28164
28166
28167
28168
28175
28179
28180
28182
28183
28189
28192
28195
28195
28198
28201
28201
28203
28206
28207
28210
28211
28211
28213
28216
28220
28224
28227
28229
28229
28229
28233
28235
28236
28238
28238
28238
28239
28242
28243
28244
28246
28247
28253
28254
28256
28256
28257
28258
28260
28261
28263
28265
28266
28267
28268
28271
28276
28289
28291
28294
28295
28301
28318
28321
28321
28328
28333
28336
28350
28350
28352
28352
28356
28360
28366
28367
28367
28367
28374
28376
28381
28384
28385
28387
28392
28393
28394
28394
28396
28404
28406
28409
28422
28428
28436
28436
28437
28444
28448
28452
28454
28462
28471
28471
28473
28478
28485
28490
28492
28492
28494
28499
28506
28509
28511
28519
28521
28524
28531
28533
28535
28536
28537
28540
28541
28542
28547
28548
28551
28563
28569
28572
28577
28589
28589
28590
28593
28594
28600
28601
28603
28606
28614
28617
28618
28622
28625
28634
28637
28640
28641
28641
28644
28645
28647
28654
28655
28657
28658
28659
28660
28661
28664
28672
28673
28675
28676
28679
28681
28681
28685
28686
28687
28690
28693
28693
28694
28696
28705
28706
28707
28718
28719
28724
28724
28729
28730
28730
28733
28735
28756
28760
28760
28762
28762
28763
28768
28769
28771
28774
28776
28778
28779
28779
28787
28789
28793
28794
28801
28811
28818
28821
28822
28824
28825
28836
28841
28843
28847
28848
28848
28851
28854
28858
28861
28863
28863
28867
28867
28871
28872
28880
28880
28882
28883
28883
28887
28888
28892
28894
28895
28896
28906
28907
28913
28918
28927
28930
28936
28936
28937
28939
28940
28941
28943
28943
28946
28957
28957
28961
28967
28969
28987
28987
28990
29001
29001
29003
29006
29012
29014
29015
29018
29020
29020
29021
29025
29031
29032
29034
29036
29036
29042
29052
29058
29063
29067
29067
29069
29070
29071
29077
29079
29083
29083
29084
29087
29099
29101
29103
29108
29111
29120
29123
29124
29126
29127
29127
29130
29146
29147
29147
29152
29153
29154
29156
29166
29167
29175
29176
29178
29178
29179
29181
29186
29188
29192
29197
29204
29204
29208
29210
29211
29212
29214
29220
29227
29229
29230
29232
29232
29232
29239
29240
29246
29247
29257
29259
29266
29267
29267
29271
29273
29279
29283
29284
29289
29292
29298
29300
29302
29303
29311
29313
29317
29329
29330
29332
29333
29334
29336
29342
29344
29345
29347
29347
29347
29354
29361
29374
29380
29389
29393
29393
29395
29395
29400
29401
29401
29410
29411
29421
29423
29428
29432
29444
29458
29463
29463
29464
29467
29474
29481
29489
29489
29493
29501
29504
29506
29506
29509
29515
29518
29521
29522
29527
29527
29528
29533
29533
29535
29537
29543
29544
29544
29545
29552
29556
29557
29563
29566
29570
29575
29578
29581
29585
29609
29610
29610
29611
29612
29614
29629
29634
29641
29643
29644
29647
29653
29657
29659
29660
29664
29666
29667
29672
29677
29683
29687
29689
29691
29694
29696
29698
29700
29700
29703
29705
29713
29723
29724
29724
29730
29733
29736
29738
29738
29743
29748
29752
29752
29753
29755
29760
29768
29770
29773
29779
29779
29784
29785
29788
29791
29795
29799
29805
29809
29816
29816
29824
29827
29832
29832
29836
29842
29843
29843
29845
29845
29845
29850
29854
29861
29862
29864
29869
29877
29880
29881
29883
29885
29885
29887
29890
29890
29892
29893
29894
29897
29903
29905
29908
29911
29912
29915
29915
29916
29925
29926
29939
29946
29949
29954
29955
29958
29962
29963
29964
29965
29971
29971
29981
29983
29985
29989
29995
29995
29996
29997
29997
30002
30003
30006
30011
30015
30017
30020
30032
30033
30036
30043
30046
30050
30050
30051
30052
30054
30054
30059
30069
30076
30081
30083
30090
30095
30097
30100
30105
30111
30111
30112
30121
30122
30126
30127
30129
30130
30134
30135
30136
30139
30146
30155
30156
30162
30163
30170
30175
30177
30187
30193
30198
30198
30200
30201
30206
30206
30213
30213
30217
30222
30224
30228
30233
30236
30238
30242
30242
30245
30249
30250
30251
30263
30267
30267
30268
30271
30276
30278
30279
30282
30283
30286
30288
30291
30293
30294
30298
30302
30304
30307
30308
30308
30308
30317
30319
30319
30321
30322
30326
30327
30329
30333
30336
30340
30341
30360
30362
30363
30366
30367
30367
30370
30373
30376
30376
30377
30380
30386
30388
30394
30395
30395
30395
30398
30402
30405
30411
30414
30415
30417
30417
30421
30424
30425
30429
30434
30435
30438
30438
30441
30443
30445
30451
30456
30460
30463
30466
30468
30475
30476
30479
30480
30483
30484
30489
30489
30491
30497
30504
30504
30507
30513
30513
30517
30518
30519
30523
30524
30525
30532
30532
30533
30536
30539
30545
30548
30551
30556
30567
30584
30586
30598
30605
30610
30610
30612
30613
30614
30618
30618
30629
30630
30631
30631
30634
30636
30640
30640
30648
30649
30649
30649
30654
30655
30656
30656
30657
30675
30678
30681
30682
30686
30688
30688
30689
30694
30694
30695
30700
30702
30707
30714
30714
30726
30731
30736
30742
30743
30745
30746
30747
30748
30752
30755
30756
30761
30763
30764
30773
30782
30786
30793
30798
30803
30803
30804
30810
30812
30813
30815
30822
30830
30832
30836
30841
30844
30845
30848
30850
30851
30852
30855
30862
30864
30875
30877
30883
30885
30888
30889
30895
30895
30898
30900
30903
30905
30908
30912
30918
30922
30925
30928
30933
30933
30934
30943
30945
30946
30951
30951
30952
30952
30953
30959
30962
30962
30967
30968
30968
30969
30972
30975
30975
30975
30977
30983
30983
30992
30995
30997
31008
31010
31011
31013
31014
31015
31022
31030
31031
31031
31036
31036
31036
31036
31041
31042
31045
31047
31054
31062
31065
31065
31068
31072
31074
31074
31079
31081
31081
31082
31085
31086
31093
31094
31095
31098
31099
31099
31107
31109
31109
31110
31110
31114
31114
31118
31120
31122
31122
31128
31130
31131
31137
31142
31142
31142
31144
31152
31153
31157
31159
31161
31171
31177
31178
31178
31181
31188
31193
31194
31196
31196
31212
31217
31222
31226
31228
31231
31231
31232
31243
31243
31246
31253
31255
31255
31269
31270
31272
31272
31273
31275
31280
31281
31288
31293
31293
31300
31305
31306
31311
31311
31313
31318
31324
31332
31336
31340
31340
31347
31351
31354
31356
31358
31361
31364
31375
31376
31384
31385
31387
31387
31387
31390
31391
31392
31393
31401
31405
31405
31416
31418
31420
31430
31434
31440
31447
31449
31449
31449
31449
31453
31455
31457
31459
31461
31462
31468
31471
31472
31480
31487
31488
31488
31488
31490
31490
31493
31498
31507
31510
31511
31513
31515
31516
31518
31519
31521
31521
31523
31530
31531
31534
31541
31543
31552
31554
31554
31557
31558
31561
31567
31575
31578
31580
31581
31588
31590
31596
31596
31599
31603
31609
31612
31612
31612
31620
31625
31626
31629
31630
31635
31635
31639
31640
31643
31644
31647
31650
31653
31655
31661
31661
31666
31666
31669
31670
31671
31671
31674
31675
31675
31679
31682
31684
31691
31693
31696
31699
31700
31716
31721
31727
31737
31739
31740
31745
31748
31748
31749
31752
31752
31754
31756
31757
31763
31770
31771
31775
31786
31787
31795
31798
31805
31811
31812
31816
31816
31820
31827
31827
31827
31828
31837
31838
31838
31841
31842
31851
31855
31855
31856
31858
31860
31867
31874
31883
31884
31887
31888
31892
31893
31899
31900
31902
31915
31917
31917
31918
31922
31926
31927
31930
31931
31937
31939
31942
31942
31944
31944
31948
31951
31952
31959
31959
31967
31977
31977
31986
31990
31991
31994
32004
32012
32017
32018
32022
32023
32033
32040
32042
32042
32055
32056
32057
32058
32059
32060
32064
32074
32076
32078
32083
32098
32100
32101
32106
32107
32110
32110
32110
32118
32121
32125
32135
32147
32148
32151
32155
32158
32164
32164
32166
32171
32173
32174
32179
32180
32183
32188
32190
32194
32204
32204
32209
32218
32220
32221
32232
32233
32238
32243
32243
32255
32258
32268
32281
32284
32289
32291
32293
32298
32305
32309
32312
32312
32316
32320
32321
32323
32327
32329
32332
32332
32339
32340
32340
32349
32349
32353
32355
32355
32366
32368
32369
32371
32377
32381
32387
32388
32395
32399
32399
32399
32406
32413
32429
32430
32436
32439
32442
32443
32445
32448
32453
32458
32465
32470
32476
32476
32477
32488
32492
32495
32499
32503
32503
32517
32519
32523
32528
32542
32543
32548
32549
32554
32554
32555
32559
32562
32563
32564
32564
32565
32570
32574
32575
32579
32580
32583
32586
32589
32593
32594
32595
32600
32601
32604
32608
32615
32620
32624
32624
32625
32628
32629
32636
32637
32638
32640
32642
32642
32643
32653
32655
32667
32677
32681
32683
32685
32685
32687
32689
32690
32692
32696
32698
32699
32701
32703
32703
32704
32705
32708
32711
32721
32725
32726
32733
32736
32737
32742
32744
32744
32751
32753
32754
32758
32761
32764
32765
32767
